24
Amphisorus1-4                       0.0000000 0.0000010 0.2176395 0.0934981 0.1390700 0.2278909 0.1880824 0.2232951 0.2232951 0.2102654 0.0959089 0.0959089 0.1772178 0.2148466 0.1459948 0.0961113 0.5503803 0.2588935 0.2310781 0.1459948 0.1408088 0.0866342 0.7166463 0.0294327 
Amphisorus1-5                       0.0000010 0.0000000 0.2176395 0.0934981 0.1390700 0.2278909 0.1880824 0.2232951 0.2232951 0.2102654 0.0959089 0.0959089 0.1772178 0.2148466 0.1459948 0.0961113 0.5503803 0.2588935 0.2310781 0.1459948 0.1408088 0.0866342 0.7166463 0.0294327 
HF582885_Sorites_orbiculus          0.2176395 0.2176395 0.0000000 0.2410660 0.1984658 0.0643825 0.1316215 0.0575264 0.0575264 0.1245913 0.2363938 0.2363938 0.0501689 0.0351285 0.3172905 0.2736741 0.5292435 0.0859206 0.0112638 0.3172905 0.0244512 0.2381015 0.4043752 0.2075430 
HF582901_Amphisorus_hemprichii      0.0934981 0.0934981 0.2410660 0.0000000 0.0925137 0.2359970 0.2455248 0.2744914 0.2744914 0.2556226 0.0409535 0.0409535 0.2112390 0.2525619 0.0535167 0.0367984 0.5793851 0.2641581 0.2555413 0.0535167 0.2002809 0.0000010 0.6897345 0.0878784 
AJ842186_Amphisorus_hemprichii      0.1390700 0.1390700 0.1984658 0.0925137 0.0000000 0.1541086 0.1538866 0.1851012 0.1851012 0.1749658 0.1287273 0.1287273 0.1182450 0.1593322 0.2077256 0.1021357 0.4726344 0.1686936 0.2137237 0.2077256 0.1544640 0.0848943 0.6734764 0.0978310 
AJ404305_Parasorites_sp             0.2278909 0.2278909 0.0643825 0.2359970 0.1541086 0.0000000 0.1209295 0.0746950 0.0746950 0.1412872 0.2618378 0.2618378 0.0678370 0.0713011 0.3788379 0.1981034 0.3963961 0.0143284 0.0758144 0.3788379 0.0451937 0.2149540 0.4747358 0.1989066 
AJ404313_Amphisorus_sp              0.1880824 0.1880824 0.1316215 0.2455248 0.1538866 0.1209295 0.0000000 0.1915442 0.1915442 0.0033688 0.1877703 0.1877703 0.0795808 0.1078981 0.2839799 0.2467878 0.4848739 0.1633801 0.1480375 0.2839799 0.0788765 0.2261977 0.5942507 0.1467718 
Sorites2-22                         0.2232951 0.2232951 0.0575264 0.2744914 0.1851012 0.0746950 0.1915442 0.0000000 0.0000010 0.2179877 0.3127243 0.3127243 0.0375737 0.0447057 0.4771244 0.2899232 0.5112726 0.0752353 0.0679492 0.4771244 0.0281299 0.2522165 0.5002867 0.1465496 
Sorites1-14                         0.2232951 0.2232951 0.0575264 0.2744914 0.1851012 0.0746950 0.1915442 0.0000010 0.0000000 0.2179877 0.3127243 0.3127243 0.0375737 0.0447057 0.4771244 0.2899232 0.5112726 0.0752353 0.0679492 0.4771244 0.0281299 0.2522165 0.5002867 0.1465496 
HF582899_Sorites_variabilis         0.2102654 0.2102654 0.1245913 0.2556226 0.1749658 0.1412872 0.0033688 0.2179877 0.2179877 0.0000000 0.2088889 0.2088889 0.0894815 0.1228623 0.2839799 0.2570530 0.5043276 0.1723569 0.1411161 0.2839799 0.0888714 0.2526255 0.5967023 0.1683735 
Amphisorus1-2                       0.0959089 0.0959089 0.2363938 0.0409535 0.1287273 0.2618378 0.1877703 0.3127243 0.3127243 0.2088889 0.0000000 0.0000010 0.2220020 0.2470423 0.0000010 0.0729349 0.6270841 0.3097350 0.2505237 0.0000010 0.1835256 0.0384687 0.7047911 0.0945991 
Amphisorus1-3                       0.0959089 0.0959089 0.2363938 0.0409535 0.1287273 0.2618378 0.1877703 0.3127243 0.3127243 0.2088889 0.0000010 0.0000000 0.2220020 0.2470423 0.0000010 0.0729349 0.6270841 0.3097350 0.2505237 0.0000010 0.1835256 0.0384687 0.7047911 0.0945991 
KC802024_Marginopora_vertebralis    0.1772178 0.1772178 0.0501689 0.2112390 0.1182450 0.0678370 0.0795808 0.0375737 0.0375737 0.0894815 0.2220020 0.2220020 0.0000000 0.0280271 0.3606576 0.2246097 0.5274589 0.0902158 0.0610002 0.3606576 0.0481888 0.1925072 0.4148029 0.1363002 
KC802043_Marginopora_vertebralis    0.2148466 0.2148466 0.0351285 0.2525619 0.1593322 0.0713011 0.1078981 0.0447057 0.0447057 0.1228623 0.2470423 0.2470423 0.0280271 0.0000000 0.3850436 0.2832802 0.5288608 0.0723470 0.0442115 0.3850436 0.0415838 0.2314975 0.3648622 0.1880905 
LC813358_Amphisorus_kudakajimaensis 0.1459948 0.1459948 0.3172905 0.0535167 0.2077256 0.3788379 0.2839799 0.4771244 0.4771244 0.2839799 0.0000010 0.0000010 0.3606576 0.3850436 0.0000000 0.0982822 0.9134638 0.4359395 0.3370624 0.0000010 0.2913733 0.0535167 0.9803155 0.1475598 
AJ278048_Amphisorus_hemprichii      0.0961113 0.0961113 0.2736741 0.0367984 0.1021357 0.1981034 0.2467878 0.2899232 0.2899232 0.2570530 0.0729349 0.0729349 0.2246097 0.2832802 0.0982822 0.0000000 0.5316948 0.2256917 0.2884408 0.0982822 0.1983760 0.0364718 0.6810636 0.0901128 
AJ404294_Alveolinella_quoi          0.5503803 0.5503803 0.5292435 0.5793851 0.4726344 0.3963961 0.4848739 0.5112726 0.5112726 0.5043276 0.6270841 0.6270841 0.5274589 0.5288608 0.9134638 0.5316948 0.0000000 0.5047217 0.5552232 0.9134638 0.4362226 0.5721649 0.2835225 0.5051190 
AJ404307_Parasorites_sp             0.2588935 0.2588935 0.0859206 0.2641581 0.1686936 0.0143284 0.1633801 0.0752353 0.0752353 0.1723569 0.3097350 0.3097350 0.0902158 0.0723470 0.4359395 0.2256917 0.5047217 0.0000000 0.1003074 0.4359395 0.0726744 0.2609782 0.5048847 0.2308053 
HF582883_Sorites_orbiculus          0.2310781 0.2310781 0.0112638 0.2555413 0.2137237 0.0758144 0.1480375 0.0679492 0.0679492 0.1411161 0.2505237 0.2505237 0.0610002 0.0442115 0.3370624 0.2884408 0.5552232 0.1003074 0.0000000 0.3370624 0.0315850 0.2524621 0.4231307 0.2218408 
LC813333_Amphisorus_kudakajimaensis 0.1459948 0.1459948 0.3172905 0.0535167 0.2077256 0.3788379 0.2839799 0.4771244 0.4771244 0.2839799 0.0000010 0.0000010 0.3606576 0.3850436 0.0000010 0.0982822 0.9134638 0.4359395 0.3370624 0.0000000 0.2913733 0.0535167 0.9803155 0.1475598 
Sorites1-13                         0.1408088 0.1408088 0.0244512 0.2002809 0.1544640 0.0451937 0.0788765 0.0281299 0.0281299 0.0888714 0.1835256 0.1835256 0.0481888 0.0415838 0.2913733 0.1983760 0.4362226 0.0726744 0.0315850 0.2913733 0.0000000 0.1824883 0.4169516 0.1107394 
AJ842182_Amphisorus_hemprichii      0.0866342 0.0866342 0.2381015 0.0000010 0.0848943 0.2149540 0.2261977 0.2522165 0.2522165 0.2526255 0.0384687 0.0384687 0.1925072 0.2314975 0.0535167 0.0364718 0.5721649 0.2609782 0.2524621 0.0535167 0.1824883 0.0000000 0.6817407 0.0815444 
FM877702_Borelis_schlumbergeri      0.7166463 0.7166463 0.4043752 0.6897345 0.6734764 0.4747358 0.5942507 0.5002867 0.5002867 0.5967023 0.7047911 0.7047911 0.4148029 0.3648622 0.9803155 0.6810636 0.2835225 0.5048847 0.4231307 0.9803155 0.4169516 0.6817407 0.0000000 0.6810214 
AJ842181_Amphisorus_kudakajimaensis 0.0294327 0.0294327 0.2075430 0.0878784 0.0978310 0.1989066 0.1467718 0.1465496 0.1465496 0.1683735 0.0945991 0.0945991 0.1363002 0.1880905 0.1475598 0.0901128 0.5051190 0.2308053 0.2218408 0.1475598 0.1107394 0.0815444 0.6810214 0.0000000 
