34
ON352803_Planostegina_operculinoides        0.0000000 0.0628769 0.0298661 0.0666453 0.0230978 0.0590245 0.1457548 0.6952115 0.7582213 0.6248744 0.6896575 0.6896575 0.6806542 0.7348228 0.7185303 0.6777301 0.6770038 0.7453857 0.7328260 0.7328260 0.7392369 0.6860025 0.6860025 0.6770038 0.6770038 0.6500887 0.6500887 0.6753065 0.6738448 0.6744220 0.6529059 0.6525471 0.6742875 0.6594344 
ON352795_Baculogypsina_sphaerulata          0.0628769 0.0000000 0.0510684 0.0096479 0.0508673 0.0031857 0.1665768 0.7042556 0.7747726 0.6463171 0.7130266 0.7130266 0.7037710 0.7340744 0.7177050 0.7158180 0.7134029 0.7776720 0.7642998 0.7642998 0.7708483 0.7227641 0.7227641 0.7134029 0.7134029 0.6850832 0.6850832 0.7113859 0.7097881 0.7120142 0.6881234 0.6893553 0.6673844 0.6523929 
ON352796_Operculina_heterosteginoides       0.0298661 0.0510684 0.0000000 0.0547037 0.0193484 0.0473751 0.1212610 0.6888142 0.7138226 0.6312209 0.6759270 0.6759270 0.6670851 0.6930568 0.6799719 0.6769002 0.6762140 0.7440211 0.7315667 0.7315667 0.7379352 0.6851535 0.6851535 0.6762140 0.6762140 0.6494811 0.6494811 0.6745330 0.6730826 0.6736222 0.6522782 0.6518938 0.6608897 0.6457845 
ON352794_Neorotalia_calcar                  0.0666453 0.0096479 0.0547037 0.0000000 0.0544865 0.0063962 0.1687718 0.6697384 0.7372648 0.6293213 0.6827185 0.6827185 0.6737715 0.6954279 0.6821224 0.6791082 0.6783230 0.7362833 0.7239609 0.7239609 0.7303272 0.6873097 0.6873097 0.6783230 0.6783230 0.6514402 0.6514402 0.6766203 0.7051101 0.7071197 0.6542566 0.6539588 0.6345757 0.6189245 
ON352791_Heterostegina_cf_depressa          0.0230978 0.0508673 0.0193484 0.0544865 0.0000000 0.0471900 0.1304430 0.6973063 0.7393798 0.6416173 0.6869926 0.6869926 0.6780281 0.7005548 0.6995816 0.6884995 0.6873061 0.7425244 0.7301043 0.7301043 0.7364681 0.6963703 0.6963703 0.6873061 0.6873061 0.6601012 0.6601012 0.6855271 0.6840316 0.6850659 0.6629702 0.6630601 0.6430455 0.6275785 
ON352786_Calcarina_hispida                  0.0590245 0.0031857 0.0473751 0.0063962 0.0471900 0.0000000 0.1613084 0.6888045 0.7578940 0.6320143 0.6973610 0.6973610 0.6882833 0.7167341 0.7017707 0.6993743 0.6976994 0.7590230 0.7461467 0.7461467 0.7526032 0.7068792 0.7068792 0.6976994 0.6976994 0.6700600 0.6700600 0.6958272 0.6942900 0.6957946 0.6729957 0.6735361 0.6527555 0.6374831 
ON352781_Amphistegina_lobifera              0.1457548 0.1665768 0.1212610 0.1687718 0.1304430 0.1613084 0.0000000 0.7056102 0.7524664 0.6826472 0.6979586 0.6979586 0.6888767 0.7302645 0.7023758 0.7122460 0.6982982 0.7596087 0.7467551 0.7467551 0.7531961 0.7074790 0.7074790 0.6982982 0.6982982 0.6706300 0.6706300 0.6964214 0.6948834 0.7084981 0.6735716 0.6859575 0.6730491 0.6697060 
OK634071_Alveolinella_quoyi                 0.6952115 0.7042556 0.6888142 0.6697384 0.6973063 0.6888045 0.7056102 0.0000000 0.5834888 0.5320812 0.5250213 0.5250213 0.5177582 0.5315903 0.5466649 0.4949017 0.5053606 0.4673061 0.4610591 0.4610591 0.4663035 0.5125395 0.5125395 0.5053606 0.5053606 0.5359997 0.5359997 0.5279347 0.5503715 0.5411187 0.5056077 0.4951449 0.5037744 0.5047452 
C1-3_COI_foraminifera                       0.7582213 0.7747726 0.7138226 0.7372648 0.7393798 0.7578940 0.7524664 0.5834888 0.0000000 0.0836917 0.1259858 0.1259858 0.1220018 0.1327425 0.1407335 0.1062556 0.1130978 0.1148920 0.1139820 0.1139820 0.1177902 0.1158240 0.1158240 0.1119500 0.1119500 0.1296156 0.1296156 0.1346577 0.1319933 0.1257088 0.1416801 0.1357077 0.1632775 0.1527335 
OK634082_Borelis_schlumbergeri              0.6248744 0.6463171 0.6312209 0.6293213 0.6416173 0.6320143 0.6826472 0.5320812 0.0836917 0.0000000 0.0866644 0.0866644 0.0830014 0.1027647 0.1039716 0.0841064 0.0878192 0.0927262 0.0920159 0.0920159 0.0957641 0.0915456 0.0915456 0.0878192 0.0878192 0.1044397 0.1044397 0.1091043 0.1005058 0.0972417 0.1141954 0.1114322 0.1237832 0.1166644 
ON352802_Dendritina_ambigua                 0.6896575 0.7130266 0.6759270 0.6827185 0.6869926 0.6973610 0.6979586 0.5250213 0.1259858 0.0866644 0.0000000 0.0000010 0.0031124 0.0387588 0.0364114 0.0165874 0.0158834 0.0173617 0.0172469 0.0172469 0.0206844 0.0191062 0.0191062 0.0158834 0.0158834 0.0292658 0.0292658 0.0328084 0.0265239 0.0277489 0.0365518 0.0382451 0.0439715 0.0422465 
ON352801_Peneroplis_pertusus                0.6896575 0.7130266 0.6759270 0.6827185 0.6869926 0.6973610 0.6979586 0.5250213 0.1259858 0.0866644 0.0000010 0.0000000 0.0031124 0.0387588 0.0364114 0.0165874 0.0158834 0.0173617 0.0172469 0.0172469 0.0206844 0.0191062 0.0191062 0.0158834 0.0158834 0.0292658 0.0292658 0.0328084 0.0265239 0.0277489 0.0365518 0.0382451 0.0439715 0.0422465 
OK634047_Peneroplis_planatus                0.6806542 0.7037710 0.6670851 0.6737715 0.6780281 0.6882833 0.6888767 0.5177582 0.1220018 0.0830014 0.0031124 0.0031124 0.0000000 0.0351412 0.0330177 0.0132363 0.0126756 0.0138528 0.0137626 0.0137626 0.0171934 0.0158834 0.0158834 0.0126756 0.0126756 0.0259505 0.0259505 0.0294549 0.0231562 0.0242240 0.0331487 0.0346807 0.0404930 0.0386324 
OL352667_Parasorites_sp_COI-like            0.7348228 0.7340744 0.6930568 0.6954279 0.7005548 0.7167341 0.7302645 0.5315903 0.1327425 0.1027647 0.0387588 0.0387588 0.0351412 0.0000000 0.0000021 0.0427970 0.0427970 0.0426715 0.0423530 0.0423530 0.0461712 0.0464863 0.0464863 0.0427970 0.0427970 0.0505516 0.0505516 0.0547018 0.0427775 0.0427775 0.0591605 0.0591605 0.0636583 0.0636583 
ON352798_OK634038_Parasorites_sp            0.7185303 0.7177050 0.6799719 0.6821224 0.6995816 0.7017707 0.7023758 0.5466649 0.1407335 0.1039716 0.0364114 0.0364114 0.0330177 0.0000021 0.0000000 0.0420524 0.0401766 0.0402406 0.0399569 0.0399569 0.0435624 0.0436332 0.0436332 0.0401766 0.0401766 0.0474223 0.0474223 0.0512845 0.0401601 0.0420338 0.0554205 0.0580932 0.0634830 0.0624971 
OL352656-7_Amphisorus_sp_COI-like           0.6777301 0.7158180 0.6769002 0.6791082 0.6884995 0.6993743 0.7122460 0.4949017 0.1062556 0.0841064 0.0165874 0.0165874 0.0132363 0.0427970 0.0420524 0.0000000 0.0000010 0.0000010 0.0000010 0.0000010 0.0035145 0.0032508 0.0032508 0.0000010 0.0000010 0.0132854 0.0132854 0.0167585 0.0133908 0.0133908 0.0203796 0.0203796 0.0316009 0.0316009 
OK634032-4_ON352777-8_Amphisorus_sp_COI     0.6770038 0.7134029 0.6762140 0.6783230 0.6873061 0.6976994 0.6982982 0.5053606 0.1130978 0.0878192 0.0158834 0.0158834 0.0126756 0.0427970 0.0401766 0.0000010 0.0000000 0.0000010 0.0000010 0.0000010 0.0033666 0.0031152 0.0031152 0.0000010 0.0000010 0.0127206 0.0127206 0.0160401 0.0128173 0.0133908 0.0194953 0.0203796 0.0337333 0.0316009 
Amphisorus2-1                               0.7453857 0.7776720 0.7440211 0.7362833 0.7425244 0.7590230 0.7596087 0.4673061 0.1148920 0.0927262 0.0173617 0.0173617 0.0138528 0.0426715 0.0402406 0.0000010 0.0000010 0.0000000 0.0000010 0.0000010 0.0000010 0.0000010 0.0000010 0.0000010 0.0000010 0.0137745 0.0137745 0.0173810 0.0140222 0.0146618 0.0213546 0.0223434 0.0370741 0.0347489 
Amphisorus1-7                               0.7328260 0.7642998 0.7315667 0.7239609 0.7301043 0.7461467 0.7467551 0.4610591 0.1139820 0.0920159 0.0172469 0.0172469 0.0137626 0.0423530 0.0399569 0.0000010 0.0000010 0.0000010 0.0000000 0.0000010 0.0000010 0.0000010 0.0000010 0.0000010 0.0000010 0.0136850 0.0136850 0.0172666 0.0139293 0.0145603 0.0212104 0.0221853 0.0368110 0.0344926 
Amphisorus2-30                              0.7328260 0.7642998 0.7315667 0.7239609 0.7301043 0.7461467 0.7467551 0.4610591 0.1139820 0.0920159 0.0172469 0.0172469 0.0137626 0.0423530 0.0399569 0.0000010 0.0000010 0.0000010 0.0000010 0.0000000 0.0000010 0.0000010 0.0000010 0.0000010 0.0000010 0.0136850 0.0136850 0.0172666 0.0139293 0.0145603 0.0212104 0.0221853 0.0368110 0.0344926 
Amphisorus2-4                               0.7392369 0.7708483 0.7379352 0.7303272 0.7364681 0.7526032 0.7531961 0.4663035 0.1177902 0.0957641 0.0206844 0.0206844 0.0171934 0.0461712 0.0435624 0.0035145 0.0033666 0.0000010 0.0000010 0.0000010 0.0000000 0.0000010 0.0000010 0.0033364 0.0033364 0.0170966 0.0170966 0.0207087 0.0174013 0.0181890 0.0247305 0.0258662 0.0404593 0.0382903 
Amphisorus2-31                              0.6860025 0.7227641 0.6851535 0.6873097 0.6963703 0.7068792 0.7074790 0.5125395 0.1158240 0.0915456 0.0191062 0.0191062 0.0158834 0.0464863 0.0436332 0.0032508 0.0031152 0.0000010 0.0000010 0.0000010 0.0000010 0.0000000 0.0000010 0.0030887 0.0030887 0.0158009 0.0158009 0.0191260 0.0160609 0.0167810 0.0228000 0.0238363 0.0371952 0.0351973 
Amphisorus2-6                               0.6860025 0.7227641 0.6851535 0.6873097 0.6963703 0.7068792 0.7074790 0.5125395 0.1158240 0.0915456 0.0191062 0.0191062 0.0158834 0.0464863 0.0436332 0.0032508 0.0031152 0.0000010 0.0000010 0.0000010 0.0000010 0.0000010 0.0000000 0.0030887 0.0030887 0.0158009 0.0158009 0.0191260 0.0160609 0.0167810 0.0228000 0.0238363 0.0371952 0.0351973 
Amphisorus2-5                               0.6770038 0.7134029 0.6762140 0.6783230 0.6873061 0.6976994 0.6982982 0.5053606 0.1119500 0.0878192 0.0158834 0.0158834 0.0126756 0.0427970 0.0401766 0.0000010 0.0000010 0.0000010 0.0000010 0.0000010 0.0033364 0.0030887 0.0030887 0.0000000 0.0000010 0.0126099 0.0126099 0.0158992 0.0128173 0.0133908 0.0194953 0.0203796 0.0337333 0.0316009 
Amphisorus2-3                               0.6770038 0.7134029 0.6762140 0.6783230 0.6873061 0.6976994 0.6982982 0.5053606 0.1119500 0.0878192 0.0158834 0.0158834 0.0126756 0.0427970 0.0401766 0.0000010 0.0000010 0.0000010 0.0000010 0.0000010 0.0033364 0.0030887 0.0030887 0.0000010 0.0000000 0.0126099 0.0126099 0.0158992 0.0128173 0.0133908 0.0194953 0.0203796 0.0337333 0.0316009 
Sorites2-22                                 0.6500887 0.6850832 0.6494811 0.6514402 0.6601012 0.6700600 0.6706300 0.5359997 0.1296156 0.1044397 0.0292658 0.0292658 0.0259505 0.0505516 0.0474223 0.0132854 0.0127206 0.0137745 0.0136850 0.0136850 0.0170966 0.0158009 0.0158009 0.0126099 0.0126099 0.0000000 0.0000010 0.0063161 0.0127181 0.0132826 0.0094725 0.0098900 0.0334607 0.0313346 
Sorites2-21                                 0.6500887 0.6850832 0.6494811 0.6514402 0.6601012 0.6700600 0.6706300 0.5359997 0.1296156 0.1044397 0.0292658 0.0292658 0.0259505 0.0505516 0.0474223 0.0132854 0.0127206 0.0137745 0.0136850 0.0136850 0.0170966 0.0158009 0.0158009 0.0126099 0.0126099 0.0000010 0.0000000 0.0063161 0.0127181 0.0132826 0.0094725 0.0098900 0.0334607 0.0313346 
Sorites1-13                                 0.6753065 0.7113859 0.6745330 0.6766203 0.6855271 0.6958272 0.6964214 0.5279347 0.1346577 0.1091043 0.0328084 0.0328084 0.0294549 0.0547018 0.0512845 0.0167585 0.0160401 0.0173810 0.0172666 0.0172666 0.0207087 0.0191260 0.0191260 0.0158992 0.0158992 0.0063161 0.0063161 0.0000000 0.0160365 0.0167545 0.0063079 0.0065858 0.0371410 0.0351433 
OK634035_Sorites_sp                         0.6738448 0.7097881 0.6730826 0.7051101 0.6840316 0.6942900 0.6948834 0.5503715 0.1319933 0.1005058 0.0265239 0.0265239 0.0231562 0.0427775 0.0401601 0.0133908 0.0128173 0.0140222 0.0139293 0.0139293 0.0174013 0.0160609 0.0160609 0.0128173 0.0128173 0.0127181 0.0127181 0.0160365 0.0000000 0.0000010 0.0194904 0.0203741 0.0337210 0.0315895 
OL352652-4_Sorites_sp_COI-like              0.6744220 0.7120142 0.6736222 0.7071197 0.6850659 0.6957946 0.7084981 0.5411187 0.1257088 0.0972417 0.0277489 0.0277489 0.0242240 0.0427775 0.0420338 0.0133908 0.0133908 0.0146618 0.0145603 0.0145603 0.0181890 0.0167810 0.0167810 0.0133908 0.0133908 0.0132826 0.0132826 0.0167545 0.0000010 0.0000000 0.0203741 0.0203741 0.0315895 0.0315895 
OK634048_Sorites_sp                         0.6529059 0.6881234 0.6522782 0.6542566 0.6629702 0.6729957 0.6735716 0.5056077 0.1416801 0.1141954 0.0365518 0.0365518 0.0331487 0.0591605 0.0554205 0.0203796 0.0194953 0.0213546 0.0212104 0.0212104 0.0247305 0.0228000 0.0228000 0.0194953 0.0194953 0.0094725 0.0094725 0.0063079 0.0194904 0.0203741 0.0000000 0.0000010 0.0410441 0.0391809 
OL352655_Sorites_sp_COI-like                0.6525471 0.6893553 0.6518938 0.6539588 0.6630601 0.6735361 0.6859575 0.4951449 0.1357077 0.1114322 0.0382451 0.0382451 0.0346807 0.0591605 0.0580932 0.0203796 0.0203796 0.0223434 0.0221853 0.0221853 0.0258662 0.0238363 0.0238363 0.0203796 0.0203796 0.0098900 0.0098900 0.0065858 0.0203741 0.0203741 0.0000010 0.0000000 0.0391809 0.0391809 
ON352793|OK634043_Marginopora_vertebralis   0.6742875 0.6673844 0.6608897 0.6345757 0.6430455 0.6527555 0.6730491 0.5037744 0.1632775 0.1237832 0.0439715 0.0439715 0.0404930 0.0636583 0.0634830 0.0316009 0.0337333 0.0370741 0.0368110 0.0368110 0.0404593 0.0371952 0.0371952 0.0337333 0.0337333 0.0334607 0.0334607 0.0371410 0.0337210 0.0315895 0.0410441 0.0391809 0.0000000 0.0000010 
OL352663-5_Marginopora_vertebralis_COI-like 0.6594344 0.6523929 0.6457845 0.6189245 0.6275785 0.6374831 0.6697060 0.5047452 0.1527335 0.1166644 0.0422465 0.0422465 0.0386324 0.0636583 0.0624971 0.0316009 0.0316009 0.0347489 0.0344926 0.0344926 0.0382903 0.0351973 0.0351973 0.0316009 0.0316009 0.0313346 0.0313346 0.0351433 0.0315895 0.0315895 0.0391809 0.0391809 0.0000010 0.0000000 
